
# Sample: ATM Mortar
# Columns: 2theta(deg) Intensity Sigma
16.4706 833 28.8617
16.6471 833 28.8617
16.8235 479 21.8861
17.0000 833 28.8617
17.1765 854 29.2233
17.3529 1250 35.3553
17.5294 1667 40.8289
17.7059 833 28.8617
17.8824 1187 34.4529
18.0588 833 28.8617
18.2353 833 28.8617
18.4118 833 28.8617
18.5882 1250 35.3553
18.7647 833 28.8617
18.9412 833 28.8617
19.1176 1042 32.2800
19.2941 1250 35.3553
19.4706 833 28.8617
19.6471 833 28.8617
19.8235 417 20.4206
20.0000 833 28.8617
20.1765 833 28.8617
20.3529 833 28.8617
20.5294 625 25.0000
20.7059 833 28.8617
20.8824 833 28.8617
21.0588 833 28.8617
21.2353 1250 35.3553
21.4118 1250 35.3553
21.5882 417 20.4206
21.7647 417 20.4206
21.9412 417 20.4206
22.1176 625 25.0000
22.2941 625 25.0000
22.4706 625 25.0000
22.6471 833 28.8617
22.8235 833 28.8617
23.0000 417 20.4206
23.1765 417 20.4206
23.3529 417 20.4206
23.5294 833 28.8617
23.7059 1250 35.3553
23.8824 2500 50.0000
24.0588 833 28.8617
24.2353 417 20.4206
24.4118 417 20.4206
24.5882 0 1.0000
24.7647 0 1.0000
24.9412 417 20.4206
25.1176 417 20.4206
25.2941 0 1.0000
25.4706 0 1.0000
25.6471 625 25.0000
25.8235 1042 32.2800
26.0000 625 25.0000
26.1765 1042 32.2800
26.3529 1667 40.8289
26.5294 4583 67.6979
26.7059 10000 100.0000
26.8824 4167 64.5523
27.0588 2083 45.6399
27.2353 1250 35.3553
27.4118 833 28.8617
27.5882 833 28.8617
27.7647 833 28.8617
27.9412 833 28.8617
28.1176 417 20.4206
28.2941 0 1.0000
28.4706 208 14.4222
28.6471 833 28.8617
28.8235 833 28.8617
29.0000 417 20.4206
29.1765 417 20.4206
29.3529 1250 35.3553
29.5294 2083 45.6399
29.7059 3333 57.7321
29.8824 1250 35.3553
30.0588 833 28.8617
30.2353 417 20.4206
30.4118 417 20.4206
30.5882 0 1.0000
30.7647 417 20.4206
30.9412 417 20.4206
31.1176 0 1.0000
31.2941 0 1.0000
31.4706 833 28.8617
31.6471 833 28.8617
31.8235 417 20.4206
32.0000 208 14.4222
32.1765 417 20.4206
32.3529 417 20.4206
32.5294 833 28.8617
32.7059 417 20.4206
32.8824 417 20.4206
33.0588 1250 35.3553
33.2353 1667 40.8289
33.4118 833 28.8617
33.5882 833 28.8617
33.7647 1250 35.3553
33.9412 3750 61.2372
34.1176 1875 43.3013
34.2941 625 25.0000
34.4706 208 14.4222
34.6471 208 14.4222
34.8235 208 14.4222
35.0000 208 14.4222
35.1765 208 14.4222
35.3529 417 20.4206
35.5294 417 20.4206
35.7059 417 20.4206
35.8824 417 20.4206
36.0588 625 25.0000
36.2353 833 28.8617
36.4118 833 28.8617
36.5882 417 20.4206
36.7647 417 20.4206
36.9412 833 28.8617
37.1176 833 28.8617
37.2941 1250 35.3553
37.4706 3333 57.7321
37.6471 1667 40.8289
37.8235 833 28.8617
38.0000 417 20.4206
38.1765 0 1.0000
38.3529 417 20.4206
38.5294 417 20.4206
38.7059 0 1.0000
38.8824 0 1.0000
39.0588 0 1.0000
39.2353 0 1.0000
39.4118 0 1.0000
39.5882 0 1.0000
39.7647 0 1.0000
39.9412 0 1.0000
40.1176 208 14.4222
40.2941 417 20.4206
40.4706 417 20.4206
40.6471 0 1.0000
40.8235 417 20.4206
41.0000 417 20.4206
41.1765 417 20.4206
41.3529 417 20.4206
41.5294 417 20.4206
41.7059 417 20.4206
41.8824 417 20.4206
42.0588 833 28.8617
42.2353 2083 45.6399
42.4118 833 28.8617
42.5882 417 20.4206
42.7647 0 1.0000
42.9412 0 1.0000
43.1176 0 1.0000
43.2941 0 1.0000
43.4706 0 1.0000
43.6471 0 1.0000
43.8235 0 1.0000
44.0000 0 1.0000
44.1765 0 1.0000
44.3529 208 14.4222
44.5294 417 20.4206
44.7059 417 20.4206
44.8824 417 20.4206
45.0588 417 20.4206
45.2353 417 20.4206
45.4118 417 20.4206
45.5882 833 28.8617
45.7647 1250 35.3553
45.9412 2917 54.0093
46.1176 1667 40.8289
46.2941 833 28.8617
46.4706 417 20.4206
46.6471 417 20.4206
46.8235 0 1.0000
47.0000 0 1.0000
47.1765 0 1.0000
47.3529 417 20.4206
47.5294 417 20.4206
47.7059 0 1.0000
47.8824 0 1.0000
48.0588 0 1.0000
48.2353 0 1.0000
48.4118 417 20.4206
48.5882 0 1.0000
48.7647 0 1.0000
48.9412 0 1.0000
49.1176 417 20.4206
49.2941 417 20.4206
49.4706 833 28.8617
49.6471 2083 45.6399
49.8235 1250 35.3553
50.0000 417 20.4206
50.1765 0 1.0000
50.3529 0 1.0000
50.5294 417 20.4206
50.7059 833 28.8617
50.8824 0 1.0000
51.0588 0 1.0000
51.2353 0 1.0000
51.4118 0 1.0000
51.5882 208 14.4222
51.7647 417 20.4206
51.9412 417 20.4206
52.1176 1250 35.3553
52.2941 833 28.8617
52.4706 417 20.4206
52.6471 417 20.4206
52.8235 0 1.0000
53.0000 417 20.4206
53.1765 417 20.4206
53.3529 417 20.4206
53.5294 417 20.4206
53.7059 417 20.4206
53.8824 417 20.4206
54.0588 417 20.4206
54.2353 0 1.0000
54.4118 0 1.0000
54.5882 0 1.0000
54.7647 417 20.4206
54.9412 417 20.4206
55.1176 417 20.4206
55.2941 0 1.0000
55.4706 0 1.0000
55.6471 0 1.0000
55.8235 0 1.0000
56.0000 417 20.4206
56.1765 0 1.0000
56.3529 0 1.0000
56.5294 0 1.0000
56.7059 0 1.0000
56.8824 0 1.0000
57.0588 0 1.0000
57.2353 417 20.4206
57.4118 833 28.8617
57.5882 833 28.8617
57.7647 417 20.4206
57.9412 0 1.0000
58.1176 0 1.0000
58.2941 208 14.4222
58.4706 417 20.4206
58.6471 417 20.4206
58.8235 417 20.4206
59.0000 417 20.4206
59.1765 417 20.4206
59.3529 417 20.4206
59.5294 0 1.0000
59.7059 417 20.4206
59.8824 417 20.4206
60.0588 833 28.8617
60.2353 1875 43.3013
60.4118 2083 45.6399
60.5882 1250 35.3553
60.7647 833 28.8617
60.9412 417 20.4206
61.1176 417 20.4206
61.2941 417 20.4206
61.4706 417 20.4206
61.6471 417 20.4206
61.8235 417 20.4206
62.0000 417 20.4206
62.1765 417 20.4206
62.3529 417 20.4206
62.5294 417 20.4206
62.7059 0 1.0000
62.8824 0 1.0000
63.0588 208 14.4222
63.2353 417 20.4206
63.4118 833 28.8617
63.5882 833 28.8617
63.7647 833 28.8617
63.9412 833 28.8617
64.1176 417 20.4206
64.2941 417 20.4206
64.4706 417 20.4206
64.6471 417 20.4206
64.8235 417 20.4206
65.0000 417 20.4206
65.1765 417 20.4206
65.3529 417 20.4206
65.5294 0 1.0000
65.7059 0 1.0000
65.8824 0 1.0000
66.0588 0 1.0000
66.2353 0 1.0000
66.4118 0 1.0000
66.5882 0 1.0000
66.7647 0 1.0000
66.9412 0 1.0000
67.1176 0 1.0000
67.2941 208 14.4222
67.4706 417 20.4206
67.6471 417 20.4206
67.8235 417 20.4206
68.0000 417 20.4206
68.1765 417 20.4206
68.3529 417 20.4206
68.5294 417 20.4206
68.7059 417 20.4206
68.8824 417 20.4206
69.0588 417 20.4206
69.2353 417 20.4206
69.4118 417 20.4206
69.5882 417 20.4206
69.7647 0 1.0000
69.9412 0 1.0000
70.1176 0 1.0000
70.2941 417 20.4206
70.4706 417 20.4206
70.6471 417 20.4206
70.8235 0 1.0000
71.0000 0 1.0000
71.1765 417 20.4206
71.3529 0 1.0000
71.5294 0 1.0000
71.7059 0 1.0000
71.8824 0 1.0000
72.0588 0 1.0000
72.2353 0 1.0000
72.4118 0 1.0000
72.5882 0 1.0000
72.7647 0 1.0000
72.9412 0 1.0000
73.1176 0 1.0000
73.2941 0 1.0000
73.4706 0 1.0000
73.6471 0 1.0000
73.8235 0 1.0000
74.0000 208 14.4222
74.1765 417 20.4206
74.3529 417 20.4206
74.5294 417 20.4206
74.7059 417 20.4206
74.8824 0 1.0000
75.0588 417 20.4206
75.2353 417 20.4206
75.4118 417 20.4206
75.5882 417 20.4206
75.7647 417 20.4206
75.9412 417 20.4206
76.1176 417 20.4206
76.2941 417 20.4206
76.4706 417 20.4206
76.6471 0 1.0000
76.8235 0 1.0000
77.0000 417 20.4206
77.1765 417 20.4206
77.3529 0 1.0000
77.5294 0 1.0000
77.7059 0 1.0000
77.8824 0 1.0000
78.0588 0 1.0000
78.2353 0 1.0000
78.4118 0 1.0000
78.5882 0 1.0000
78.7647 0 1.0000
78.9412 0 1.0000
79.1176 0 1.0000
79.2941 417 20.4206
79.4706 417 20.4206
79.6471 0 1.0000
79.8235 0 1.0000
80.0000 0 1.0000
80.1765 0 1.0000
80.3529 417 20.4206
80.5294 417 20.4206
80.7059 0 1.0000
