
# Sample: Granite Waste
# Columns: 2theta(deg) Intensity Sigma
16.4706 1250 35.3553
16.6471 1875 43.3013
16.8235 625 25.0000
17.0000 625 25.0000
17.1765 625 25.0000
17.3529 1250 35.3553
17.5294 1250 35.3553
17.7059 1250 35.3553
17.8824 1250 35.3553
18.0588 1125 33.5410
18.2353 1250 35.3553
18.4118 1250 35.3553
18.5882 1250 35.3553
18.7647 625 25.0000
18.9412 625 25.0000
19.1176 625 25.0000
19.2941 1250 35.3553
19.4706 938 30.6268
19.6471 1250 35.3553
19.8235 1250 35.3553
20.0000 1250 35.3553
20.1765 1250 35.3553
20.3529 1562 39.5221
20.5294 1250 35.3553
20.7059 1250 35.3553
20.8824 1250 35.3553
21.0588 1250 35.3553
21.2353 1250 35.3553
21.4118 1875 43.3013
21.5882 1875 43.3013
21.7647 1250 35.3553
21.9412 625 25.0000
22.1176 625 25.0000
22.2941 625 25.0000
22.4706 938 30.6268
22.6471 1250 35.3553
22.8235 625 25.0000
23.0000 625 25.0000
23.1765 625 25.0000
23.3529 625 25.0000
23.5294 1250 35.3553
23.7059 625 25.0000
23.8824 625 25.0000
24.0588 625 25.0000
24.2353 625 25.0000
24.4118 1250 35.3553
24.5882 1875 43.3013
24.7647 625 25.0000
24.9412 0 1.0000
25.1176 312 17.6635
25.2941 625 25.0000
25.4706 625 25.0000
25.6471 1250 35.3553
25.8235 1250 35.3553
26.0000 1250 35.3553
26.1765 1250 35.3553
26.3529 2500 50.0000
26.5294 7500 86.6025
26.7059 10000 100.0000
26.8824 3125 55.9017
27.0588 2188 46.7761
27.2353 1562 39.5221
27.4118 1250 35.3553
27.5882 625 25.0000
27.7647 625 25.0000
27.9412 625 25.0000
28.1176 625 25.0000
28.2941 625 25.0000
28.4706 625 25.0000
28.6471 625 25.0000
28.8235 1250 35.3553
29.0000 1875 43.3013
29.1765 1250 35.3553
29.3529 625 25.0000
29.5294 0 1.0000
29.7059 0 1.0000
29.8824 625 25.0000
30.0588 0 1.0000
30.2353 312 17.6635
30.4118 625 25.0000
30.5882 625 25.0000
30.7647 625 25.0000
30.9412 625 25.0000
31.1176 625 25.0000
31.2941 625 25.0000
31.4706 625 25.0000
31.6471 1250 35.3553
31.8235 1875 43.3013
32.0000 625 25.0000
32.1765 625 25.0000
32.3529 0 1.0000
32.5294 625 25.0000
32.7059 625 25.0000
32.8824 0 1.0000
33.0588 312 17.6635
33.2353 312 17.6635
33.4118 312 17.6635
33.5882 625 25.0000
33.7647 625 25.0000
33.9412 625 25.0000
34.1176 1250 35.3553
34.2941 1250 35.3553
34.4706 1250 35.3553
34.6471 2500 50.0000
34.8235 2500 50.0000
35.0000 1250 35.3553
35.1765 625 25.0000
35.3529 625 25.0000
35.5294 0 1.0000
35.7059 0 1.0000
35.8824 625 25.0000
36.0588 625 25.0000
36.2353 0 1.0000
36.4118 0 1.0000
36.5882 625 25.0000
36.7647 625 25.0000
36.9412 0 1.0000
37.1176 625 25.0000
37.2941 625 25.0000
37.4706 938 30.6268
37.6471 1875 43.3013
37.8235 3750 61.2372
38.0000 1875 43.3013
38.1765 1250 35.3553
38.3529 625 25.0000
38.5294 625 25.0000
38.7059 625 25.0000
38.8824 625 25.0000
39.0588 625 25.0000
39.2353 625 25.0000
39.4118 625 25.0000
39.5882 625 25.0000
39.7647 625 25.0000
39.9412 0 1.0000
40.1176 0 1.0000
40.2941 0 1.0000
40.4706 0 1.0000
40.6471 625 25.0000
40.8235 0 1.0000
41.0000 0 1.0000
41.1765 625 25.0000
41.3529 0 1.0000
41.5294 625 25.0000
41.7059 1250 35.3553
41.8824 3750 61.2372
42.0588 1875 43.3013
42.2353 1250 35.3553
42.4118 938 30.6268
42.5882 312 17.6635
42.7647 625 25.0000
42.9412 625 25.0000
43.1176 625 25.0000
43.2941 1250 35.3553
43.4706 1250 35.3553
43.6471 625 25.0000
43.8235 625 25.0000
44.0000 625 25.0000
44.1765 625 25.0000
44.3529 625 25.0000
44.5294 625 25.0000
44.7059 625 25.0000
44.8824 0 1.0000
45.0588 0 1.0000
45.2353 625 25.0000
45.4118 0 1.0000
45.5882 625 25.0000
45.7647 625 25.0000
45.9412 1250 35.3553
46.1176 625 25.0000
46.2941 625 25.0000
46.4706 0 1.0000
46.6471 0 1.0000
46.8235 0 1.0000
47.0000 625 25.0000
47.1765 625 25.0000
47.3529 0 1.0000
47.5294 0 1.0000
47.7059 0 1.0000
47.8824 625 25.0000
48.0588 0 1.0000
48.2353 0 1.0000
48.4118 625 25.0000
48.5882 625 25.0000
48.7647 625 25.0000
48.9412 0 1.0000
49.1176 0 1.0000
49.2941 625 25.0000
49.4706 625 25.0000
49.6471 0 1.0000
49.8235 0 1.0000
50.0000 625 25.0000
50.1765 1250 35.3553
50.3529 1875 43.3013
50.5294 625 25.0000
50.7059 0 1.0000
50.8824 0 1.0000
51.0588 0 1.0000
51.2353 0 1.0000
51.4118 0 1.0000
51.5882 0 1.0000
51.7647 0 1.0000
51.9412 0 1.0000
52.1176 0 1.0000
52.2941 0 1.0000
52.4706 0 1.0000
52.6471 0 1.0000
52.8235 0 1.0000
53.0000 0 1.0000
53.1765 312 17.6635
53.3529 938 30.6268
53.5294 938 30.6268
53.7059 312 17.6635
53.8824 625 25.0000
54.0588 625 25.0000
54.2353 625 25.0000
54.4118 625 25.0000
54.5882 625 25.0000
54.7647 625 25.0000
54.9412 625 25.0000
55.1176 1250 35.3553
55.2941 1250 35.3553
55.4706 625 25.0000
55.6471 0 1.0000
55.8235 0 1.0000
56.0000 625 25.0000
56.1765 625 25.0000
56.3529 625 25.0000
56.5294 0 1.0000
56.7059 0 1.0000
56.8824 0 1.0000
57.0588 625 25.0000
57.2353 0 1.0000
57.4118 0 1.0000
57.5882 0 1.0000
57.7647 625 25.0000
57.9412 625 25.0000
58.1176 625 25.0000
58.2941 625 25.0000
58.4706 1250 35.3553
58.6471 2500 50.0000
58.8235 625 25.0000
59.0000 0 1.0000
59.1765 0 1.0000
59.3529 0 1.0000
59.5294 0 1.0000
59.7059 0 1.0000
59.8824 0 1.0000
60.0588 0 1.0000
60.2353 0 1.0000
60.4118 625 25.0000
60.5882 1250 35.3553
60.7647 625 25.0000
60.9412 0 1.0000
61.1176 0 1.0000
61.2941 0 1.0000
61.4706 312 17.6635
61.6471 625 25.0000
61.8235 625 25.0000
62.0000 625 25.0000
62.1765 625 25.0000
62.3529 625 25.0000
62.5294 625 25.0000
62.7059 625 25.0000
62.8824 625 25.0000
63.0588 625 25.0000
63.2353 0 1.0000
63.4118 625 25.0000
63.5882 625 25.0000
63.7647 625 25.0000
63.9412 625 25.0000
64.1176 0 1.0000
64.2941 0 1.0000
64.4706 625 25.0000
64.6471 625 25.0000
64.8235 0 1.0000
65.0000 0 1.0000
65.1765 0 1.0000
65.3529 0 1.0000
65.5294 625 25.0000
65.7059 0 1.0000
65.8824 625 25.0000
66.0588 0 1.0000
66.2353 0 1.0000
66.4118 0 1.0000
66.5882 0 1.0000
66.7647 0 1.0000
66.9412 0 1.0000
67.1176 0 1.0000
67.2941 0 1.0000
67.4706 0 1.0000
67.6471 0 1.0000
67.8235 625 25.0000
68.0000 625 25.0000
68.1765 625 25.0000
68.3529 0 1.0000
68.5294 0 1.0000
68.7059 0 1.0000
68.8824 0 1.0000
69.0588 312 17.6635
69.2353 625 25.0000
69.4118 625 25.0000
69.5882 625 25.0000
69.7647 625 25.0000
69.9412 625 25.0000
70.1176 625 25.0000
70.2941 625 25.0000
70.4706 625 25.0000
70.6471 625 25.0000
70.8235 625 25.0000
71.0000 625 25.0000
71.1765 625 25.0000
71.3529 625 25.0000
71.5294 0 1.0000
71.7059 0 1.0000
71.8824 0 1.0000
72.0588 0 1.0000
72.2353 0 1.0000
72.4118 0 1.0000
72.5882 0 1.0000
72.7647 0 1.0000
72.9412 0 1.0000
73.1176 0 1.0000
73.2941 0 1.0000
73.4706 0 1.0000
73.6471 0 1.0000
73.8235 0 1.0000
74.0000 0 1.0000
74.1765 0 1.0000
74.3529 0 1.0000
74.5294 0 1.0000
74.7059 0 1.0000
74.8824 0 1.0000
75.0588 0 1.0000
75.2353 0 1.0000
75.4118 0 1.0000
75.5882 0 1.0000
75.7647 0 1.0000
75.9412 0 1.0000
76.1176 0 1.0000
76.2941 0 1.0000
76.4706 0 1.0000
76.6471 0 1.0000
76.8235 0 1.0000
77.0000 0 1.0000
77.1765 0 1.0000
77.3529 0 1.0000
77.5294 0 1.0000
77.7059 0 1.0000
77.8824 0 1.0000
78.0588 0 1.0000
78.2353 0 1.0000
78.4118 0 1.0000
78.5882 0 1.0000
78.7647 0 1.0000
78.9412 0 1.0000
79.1176 0 1.0000
79.2941 0 1.0000
79.4706 0 1.0000
79.6471 0 1.0000
79.8235 0 1.0000
80.0000 0 1.0000
80.1765 0 1.0000
80.3529 0 1.0000
80.5294 0 1.0000
80.7059 0 1.0000
