
# Sample: Metakaolin
# Columns: 2theta(deg) Intensity Sigma
16.4706 500 22.3607
16.6471 500 22.3607
16.8235 500 22.3607
17.0000 500 22.3607
17.1765 500 22.3607
17.3529 500 22.3607
17.5294 0 1.0000
17.7059 0 1.0000
17.8824 0 1.0000
18.0588 500 22.3607
18.2353 500 22.3607
18.4118 500 22.3607
18.5882 500 22.3607
18.7647 500 22.3607
18.9412 500 22.3607
19.1176 500 22.3607
19.2941 500 22.3607
19.4706 500 22.3607
19.6471 500 22.3607
19.8235 500 22.3607
20.0000 500 22.3607
20.1765 1000 31.6228
20.3529 750 27.3861
20.5294 500 22.3607
20.7059 1000 31.6228
20.8824 500 22.3607
21.0588 1000 31.6228
21.2353 1000 31.6228
21.4118 1500 38.7298
21.5882 1500 38.7298
21.7647 1500 38.7298
21.9412 1500 38.7298
22.1176 1500 38.7298
22.2941 2000 44.7214
22.4706 1750 41.8330
22.6471 1500 38.7298
22.8235 2000 44.7214
23.0000 2000 44.7214
23.1765 2250 47.4342
23.3529 2000 44.7214
23.5294 2000 44.7214
23.7059 1750 41.8330
23.8824 1500 38.7298
24.0588 2000 44.7214
24.2353 2500 50.0000
24.4118 3000 54.7723
24.5882 2750 52.4404
24.7647 2000 44.7214
24.9412 2500 50.0000
25.1176 2250 47.4342
25.2941 2500 50.0000
25.4706 2750 52.4404
25.6471 3000 54.7723
25.8235 3000 54.7723
26.0000 3500 59.1608
26.1765 4000 63.2456
26.3529 5250 72.4569
26.5294 6750 82.1584
26.7059 7250 85.1469
26.8824 9250 96.1769
27.0588 10000 100.0000
27.2353 8500 92.1954
27.4118 7750 88.0341
27.5882 6500 80.6226
27.7647 5500 74.1620
27.9412 4750 68.9202
28.1176 4000 63.2456
28.2941 3000 54.7723
28.4706 3000 54.7723
28.6471 3250 57.0088
28.8235 3000 54.7723
29.0000 2500 50.0000
29.1765 2000 44.7214
29.3529 1500 38.7298
29.5294 1500 38.7298
29.7059 1500 38.7298
29.8824 1000 31.6228
30.0588 1000 31.6228
30.2353 1000 31.6228
30.4118 750 27.3861
30.5882 750 27.3861
30.7647 750 27.3861
30.9412 750 27.3861
31.1176 250 15.8114
31.2941 250 15.8114
31.4706 250 15.8114
31.6471 500 22.3607
31.8235 500 22.3607
32.0000 500 22.3607
32.1765 500 22.3607
32.3529 500 22.3607
32.5294 750 27.3861
32.7059 750 27.3861
32.8824 250 15.8114
33.0588 250 15.8114
33.2353 750 27.3861
33.4118 1000 31.6228
33.5882 1000 31.6228
33.7647 1000 31.6228
33.9412 1000 31.6228
34.1176 1000 31.6228
34.2941 500 22.3607
34.4706 500 22.3607
34.6471 500 22.3607
34.8235 500 22.3607
35.0000 0 1.0000
35.1765 250 15.8114
35.3529 1000 31.6228
35.5294 1000 31.6228
35.7059 1000 31.6228
35.8824 1000 31.6228
36.0588 500 22.3607
36.2353 500 22.3607
36.4118 500 22.3607
36.5882 500 22.3607
36.7647 500 22.3607
36.9412 500 22.3607
37.1176 0 1.0000
37.2941 500 22.3607
37.4706 500 22.3607
37.6471 500 22.3607
37.8235 0 1.0000
38.0000 0 1.0000
38.1765 750 27.3861
38.3529 500 22.3607
38.5294 500 22.3607
38.7059 500 22.3607
38.8824 500 22.3607
39.0588 500 22.3607
39.2353 500 22.3607
39.4118 500 22.3607
39.5882 500 22.3607
39.7647 500 22.3607
39.9412 500 22.3607
40.1176 500 22.3607
40.2941 0 1.0000
40.4706 500 22.3607
40.6471 500 22.3607
40.8235 0 1.0000
41.0000 0 1.0000
41.1765 500 22.3607
41.3529 500 22.3607
41.5294 0 1.0000
41.7059 0 1.0000
41.8824 250 15.8114
42.0588 1000 31.6228
42.2353 1000 31.6228
42.4118 1000 31.6228
42.5882 1000 31.6228
42.7647 500 22.3607
42.9412 500 22.3607
43.1176 500 22.3607
43.2941 500 22.3607
43.4706 500 22.3607
43.6471 500 22.3607
43.8235 500 22.3607
44.0000 500 22.3607
44.1765 500 22.3607
44.3529 0 1.0000
44.5294 0 1.0000
44.7059 0 1.0000
44.8824 0 1.0000
45.0588 500 22.3607
45.2353 500 22.3607
45.4118 0 1.0000
45.5882 0 1.0000
45.7647 500 22.3607
45.9412 500 22.3607
46.1176 0 1.0000
46.2941 0 1.0000
46.4706 0 1.0000
46.6471 0 1.0000
46.8235 0 1.0000
47.0000 0 1.0000
47.1765 0 1.0000
47.3529 250 15.8114
47.5294 500 22.3607
47.7059 500 22.3607
47.8824 500 22.3607
48.0588 500 22.3607
48.2353 500 22.3607
48.4118 500 22.3607
48.5882 500 22.3607
48.7647 500 22.3607
48.9412 0 1.0000
49.1176 500 22.3607
49.2941 500 22.3607
49.4706 500 22.3607
49.6471 500 22.3607
49.8235 500 22.3607
50.0000 0 1.0000
50.1765 0 1.0000
50.3529 500 22.3607
50.5294 250 15.8114
50.7059 250 15.8114
50.8824 250 15.8114
51.0588 500 22.3607
51.2353 1000 31.6228
51.4118 500 22.3607
51.5882 500 22.3607
51.7647 500 22.3607
51.9412 500 22.3607
52.1176 500 22.3607
52.2941 500 22.3607
52.4706 500 22.3607
52.6471 500 22.3607
52.8235 0 1.0000
53.0000 500 22.3607
53.1765 0 1.0000
53.3529 500 22.3607
53.5294 500 22.3607
53.7059 0 1.0000
53.8824 0 1.0000
54.0588 0 1.0000
54.2353 500 22.3607
54.4118 500 22.3607
54.5882 500 22.3607
54.7647 0 1.0000
54.9412 0 1.0000
55.1176 0 1.0000
55.2941 0 1.0000
55.4706 0 1.0000
55.6471 0 1.0000
55.8235 0 1.0000
56.0000 0 1.0000
56.1765 0 1.0000
56.3529 0 1.0000
56.5294 0 1.0000
56.7059 0 1.0000
56.8824 250 15.8114
57.0588 500 22.3607
57.2353 500 22.3607
57.4118 500 22.3607
57.5882 500 22.3607
57.7647 500 22.3607
57.9412 500 22.3607
58.1176 500 22.3607
58.2941 500 22.3607
58.4706 500 22.3607
58.6471 500 22.3607
58.8235 0 1.0000
59.0000 500 22.3607
59.1765 500 22.3607
59.3529 500 22.3607
59.5294 0 1.0000
59.7059 0 1.0000
59.8824 0 1.0000
60.0588 0 1.0000
60.2353 500 22.3607
60.4118 500 22.3607
60.5882 0 1.0000
60.7647 0 1.0000
60.9412 0 1.0000
61.1176 250 15.8114
61.2941 500 22.3607
61.4706 500 22.3607
61.6471 500 22.3607
61.8235 500 22.3607
62.0000 500 22.3607
62.1765 500 22.3607
62.3529 500 22.3607
62.5294 500 22.3607
62.7059 500 22.3607
62.8824 500 22.3607
63.0588 500 22.3607
63.2353 500 22.3607
63.4118 500 22.3607
63.5882 0 1.0000
63.7647 0 1.0000
63.9412 0 1.0000
64.1176 0 1.0000
64.2941 500 22.3607
64.4706 0 1.0000
64.6471 500 22.3607
64.8235 500 22.3607
65.0000 500 22.3607
65.1765 0 1.0000
65.3529 0 1.0000
65.5294 0 1.0000
65.7059 0 1.0000
65.8824 0 1.0000
66.0588 0 1.0000
66.2353 0 1.0000
66.4118 0 1.0000
66.5882 0 1.0000
66.7647 0 1.0000
66.9412 0 1.0000
67.1176 0 1.0000
67.2941 0 1.0000
67.4706 0 1.0000
67.6471 0 1.0000
67.8235 0 1.0000
68.0000 0 1.0000
68.1765 0 1.0000
68.3529 0 1.0000
68.5294 250 15.8114
68.7059 250 15.8114
68.8824 500 22.3607
69.0588 500 22.3607
69.2353 500 22.3607
69.4118 500 22.3607
69.5882 500 22.3607
69.7647 500 22.3607
69.9412 500 22.3607
70.1176 500 22.3607
70.2941 500 22.3607
70.4706 500 22.3607
70.6471 500 22.3607
70.8235 500 22.3607
71.0000 0 1.0000
71.1765 0 1.0000
71.3529 500 22.3607
71.5294 0 1.0000
71.7059 0 1.0000
71.8824 0 1.0000
72.0588 0 1.0000
72.2353 0 1.0000
72.4118 0 1.0000
72.5882 0 1.0000
72.7647 0 1.0000
72.9412 0 1.0000
73.1176 0 1.0000
73.2941 0 1.0000
73.4706 0 1.0000
73.6471 0 1.0000
73.8235 250 15.8114
74.0000 500 22.3607
74.1765 500 22.3607
74.3529 500 22.3607
74.5294 500 22.3607
74.7059 0 1.0000
74.8824 500 22.3607
75.0588 500 22.3607
75.2353 500 22.3607
75.4118 500 22.3607
75.5882 500 22.3607
75.7647 500 22.3607
75.9412 500 22.3607
76.1176 500 22.3607
76.2941 500 22.3607
76.4706 0 1.0000
76.6471 0 1.0000
76.8235 0 1.0000
77.0000 0 1.0000
77.1765 500 22.3607
77.3529 0 1.0000
77.5294 500 22.3607
77.7059 500 22.3607
77.8824 0 1.0000
78.0588 0 1.0000
78.2353 0 1.0000
78.4118 500 22.3607
78.5882 0 1.0000
78.7647 0 1.0000
78.9412 0 1.0000
79.1176 0 1.0000
79.2941 0 1.0000
79.4706 0 1.0000
79.6471 0 1.0000
79.8235 0 1.0000
80.0000 0 1.0000
80.1765 0 1.0000
80.3529 0 1.0000
80.5294 0 1.0000
80.7059 0 1.0000
