
# Sample: ATM Mortar
# Columns: 2theta(deg) Intensity(pseudo-counts)
16.4706 833
16.6471 833
16.8235 479
17.0000 833
17.1765 854
17.3529 1250
17.5294 1667
17.7059 833
17.8824 1187
18.0588 833
18.2353 833
18.4118 833
18.5882 1250
18.7647 833
18.9412 833
19.1176 1042
19.2941 1250
19.4706 833
19.6471 833
19.8235 417
20.0000 833
20.1765 833
20.3529 833
20.5294 625
20.7059 833
20.8824 833
21.0588 833
21.2353 1250
21.4118 1250
21.5882 417
21.7647 417
21.9412 417
22.1176 625
22.2941 625
22.4706 625
22.6471 833
22.8235 833
23.0000 417
23.1765 417
23.3529 417
23.5294 833
23.7059 1250
23.8824 2500
24.0588 833
24.2353 417
24.4118 417
24.5882 0
24.7647 0
24.9412 417
25.1176 417
25.2941 0
25.4706 0
25.6471 625
25.8235 1042
26.0000 625
26.1765 1042
26.3529 1667
26.5294 4583
26.7059 10000
26.8824 4167
27.0588 2083
27.2353 1250
27.4118 833
27.5882 833
27.7647 833
27.9412 833
28.1176 417
28.2941 0
28.4706 208
28.6471 833
28.8235 833
29.0000 417
29.1765 417
29.3529 1250
29.5294 2083
29.7059 3333
29.8824 1250
30.0588 833
30.2353 417
30.4118 417
30.5882 0
30.7647 417
30.9412 417
31.1176 0
31.2941 0
31.4706 833
31.6471 833
31.8235 417
32.0000 208
32.1765 417
32.3529 417
32.5294 833
32.7059 417
32.8824 417
33.0588 1250
33.2353 1667
33.4118 833
33.5882 833
33.7647 1250
33.9412 3750
34.1176 1875
34.2941 625
34.4706 208
34.6471 208
34.8235 208
35.0000 208
35.1765 208
35.3529 417
35.5294 417
35.7059 417
35.8824 417
36.0588 625
36.2353 833
36.4118 833
36.5882 417
36.7647 417
36.9412 833
37.1176 833
37.2941 1250
37.4706 3333
37.6471 1667
37.8235 833
38.0000 417
38.1765 0
38.3529 417
38.5294 417
38.7059 0
38.8824 0
39.0588 0
39.2353 0
39.4118 0
39.5882 0
39.7647 0
39.9412 0
40.1176 208
40.2941 417
40.4706 417
40.6471 0
40.8235 417
41.0000 417
41.1765 417
41.3529 417
41.5294 417
41.7059 417
41.8824 417
42.0588 833
42.2353 2083
42.4118 833
42.5882 417
42.7647 0
42.9412 0
43.1176 0
43.2941 0
43.4706 0
43.6471 0
43.8235 0
44.0000 0
44.1765 0
44.3529 208
44.5294 417
44.7059 417
44.8824 417
45.0588 417
45.2353 417
45.4118 417
45.5882 833
45.7647 1250
45.9412 2917
46.1176 1667
46.2941 833
46.4706 417
46.6471 417
46.8235 0
47.0000 0
47.1765 0
47.3529 417
47.5294 417
47.7059 0
47.8824 0
48.0588 0
48.2353 0
48.4118 417
48.5882 0
48.7647 0
48.9412 0
49.1176 417
49.2941 417
49.4706 833
49.6471 2083
49.8235 1250
50.0000 417
50.1765 0
50.3529 0
50.5294 417
50.7059 833
50.8824 0
51.0588 0
51.2353 0
51.4118 0
51.5882 208
51.7647 417
51.9412 417
52.1176 1250
52.2941 833
52.4706 417
52.6471 417
52.8235 0
53.0000 417
53.1765 417
53.3529 417
53.5294 417
53.7059 417
53.8824 417
54.0588 417
54.2353 0
54.4118 0
54.5882 0
54.7647 417
54.9412 417
55.1176 417
55.2941 0
55.4706 0
55.6471 0
55.8235 0
56.0000 417
56.1765 0
56.3529 0
56.5294 0
56.7059 0
56.8824 0
57.0588 0
57.2353 417
57.4118 833
57.5882 833
57.7647 417
57.9412 0
58.1176 0
58.2941 208
58.4706 417
58.6471 417
58.8235 417
59.0000 417
59.1765 417
59.3529 417
59.5294 0
59.7059 417
59.8824 417
60.0588 833
60.2353 1875
60.4118 2083
60.5882 1250
60.7647 833
60.9412 417
61.1176 417
61.2941 417
61.4706 417
61.6471 417
61.8235 417
62.0000 417
62.1765 417
62.3529 417
62.5294 417
62.7059 0
62.8824 0
63.0588 208
63.2353 417
63.4118 833
63.5882 833
63.7647 833
63.9412 833
64.1176 417
64.2941 417
64.4706 417
64.6471 417
64.8235 417
65.0000 417
65.1765 417
65.3529 417
65.5294 0
65.7059 0
65.8824 0
66.0588 0
66.2353 0
66.4118 0
66.5882 0
66.7647 0
66.9412 0
67.1176 0
67.2941 208
67.4706 417
67.6471 417
67.8235 417
68.0000 417
68.1765 417
68.3529 417
68.5294 417
68.7059 417
68.8824 417
69.0588 417
69.2353 417
69.4118 417
69.5882 417
69.7647 0
69.9412 0
70.1176 0
70.2941 417
70.4706 417
70.6471 417
70.8235 0
71.0000 0
71.1765 417
71.3529 0
71.5294 0
71.7059 0
71.8824 0
72.0588 0
72.2353 0
72.4118 0
72.5882 0
72.7647 0
72.9412 0
73.1176 0
73.2941 0
73.4706 0
73.6471 0
73.8235 0
74.0000 208
74.1765 417
74.3529 417
74.5294 417
74.7059 417
74.8824 0
75.0588 417
75.2353 417
75.4118 417
75.5882 417
75.7647 417
75.9412 417
76.1176 417
76.2941 417
76.4706 417
76.6471 0
76.8235 0
77.0000 417
77.1765 417
77.3529 0
77.5294 0
77.7059 0
77.8824 0
78.0588 0
78.2353 0
78.4118 0
78.5882 0
78.7647 0
78.9412 0
79.1176 0
79.2941 417
79.4706 417
79.6471 0
79.8235 0
80.0000 0
80.1765 0
80.3529 417
80.5294 417
80.7059 0
