
# Sample: Granite Waste
# Columns: 2theta(deg) Intensity(pseudo-counts)
16.4706 1250
16.6471 1875
16.8235 625
17.0000 625
17.1765 625
17.3529 1250
17.5294 1250
17.7059 1250
17.8824 1250
18.0588 1125
18.2353 1250
18.4118 1250
18.5882 1250
18.7647 625
18.9412 625
19.1176 625
19.2941 1250
19.4706 938
19.6471 1250
19.8235 1250
20.0000 1250
20.1765 1250
20.3529 1562
20.5294 1250
20.7059 1250
20.8824 1250
21.0588 1250
21.2353 1250
21.4118 1875
21.5882 1875
21.7647 1250
21.9412 625
22.1176 625
22.2941 625
22.4706 938
22.6471 1250
22.8235 625
23.0000 625
23.1765 625
23.3529 625
23.5294 1250
23.7059 625
23.8824 625
24.0588 625
24.2353 625
24.4118 1250
24.5882 1875
24.7647 625
24.9412 0
25.1176 312
25.2941 625
25.4706 625
25.6471 1250
25.8235 1250
26.0000 1250
26.1765 1250
26.3529 2500
26.5294 7500
26.7059 10000
26.8824 3125
27.0588 2188
27.2353 1562
27.4118 1250
27.5882 625
27.7647 625
27.9412 625
28.1176 625
28.2941 625
28.4706 625
28.6471 625
28.8235 1250
29.0000 1875
29.1765 1250
29.3529 625
29.5294 0
29.7059 0
29.8824 625
30.0588 0
30.2353 312
30.4118 625
30.5882 625
30.7647 625
30.9412 625
31.1176 625
31.2941 625
31.4706 625
31.6471 1250
31.8235 1875
32.0000 625
32.1765 625
32.3529 0
32.5294 625
32.7059 625
32.8824 0
33.0588 312
33.2353 312
33.4118 312
33.5882 625
33.7647 625
33.9412 625
34.1176 1250
34.2941 1250
34.4706 1250
34.6471 2500
34.8235 2500
35.0000 1250
35.1765 625
35.3529 625
35.5294 0
35.7059 0
35.8824 625
36.0588 625
36.2353 0
36.4118 0
36.5882 625
36.7647 625
36.9412 0
37.1176 625
37.2941 625
37.4706 938
37.6471 1875
37.8235 3750
38.0000 1875
38.1765 1250
38.3529 625
38.5294 625
38.7059 625
38.8824 625
39.0588 625
39.2353 625
39.4118 625
39.5882 625
39.7647 625
39.9412 0
40.1176 0
40.2941 0
40.4706 0
40.6471 625
40.8235 0
41.0000 0
41.1765 625
41.3529 0
41.5294 625
41.7059 1250
41.8824 3750
42.0588 1875
42.2353 1250
42.4118 938
42.5882 312
42.7647 625
42.9412 625
43.1176 625
43.2941 1250
43.4706 1250
43.6471 625
43.8235 625
44.0000 625
44.1765 625
44.3529 625
44.5294 625
44.7059 625
44.8824 0
45.0588 0
45.2353 625
45.4118 0
45.5882 625
45.7647 625
45.9412 1250
46.1176 625
46.2941 625
46.4706 0
46.6471 0
46.8235 0
47.0000 625
47.1765 625
47.3529 0
47.5294 0
47.7059 0
47.8824 625
48.0588 0
48.2353 0
48.4118 625
48.5882 625
48.7647 625
48.9412 0
49.1176 0
49.2941 625
49.4706 625
49.6471 0
49.8235 0
50.0000 625
50.1765 1250
50.3529 1875
50.5294 625
50.7059 0
50.8824 0
51.0588 0
51.2353 0
51.4118 0
51.5882 0
51.7647 0
51.9412 0
52.1176 0
52.2941 0
52.4706 0
52.6471 0
52.8235 0
53.0000 0
53.1765 312
53.3529 938
53.5294 938
53.7059 312
53.8824 625
54.0588 625
54.2353 625
54.4118 625
54.5882 625
54.7647 625
54.9412 625
55.1176 1250
55.2941 1250
55.4706 625
55.6471 0
55.8235 0
56.0000 625
56.1765 625
56.3529 625
56.5294 0
56.7059 0
56.8824 0
57.0588 625
57.2353 0
57.4118 0
57.5882 0
57.7647 625
57.9412 625
58.1176 625
58.2941 625
58.4706 1250
58.6471 2500
58.8235 625
59.0000 0
59.1765 0
59.3529 0
59.5294 0
59.7059 0
59.8824 0
60.0588 0
60.2353 0
60.4118 625
60.5882 1250
60.7647 625
60.9412 0
61.1176 0
61.2941 0
61.4706 312
61.6471 625
61.8235 625
62.0000 625
62.1765 625
62.3529 625
62.5294 625
62.7059 625
62.8824 625
63.0588 625
63.2353 0
63.4118 625
63.5882 625
63.7647 625
63.9412 625
64.1176 0
64.2941 0
64.4706 625
64.6471 625
64.8235 0
65.0000 0
65.1765 0
65.3529 0
65.5294 625
65.7059 0
65.8824 625
66.0588 0
66.2353 0
66.4118 0
66.5882 0
66.7647 0
66.9412 0
67.1176 0
67.2941 0
67.4706 0
67.6471 0
67.8235 625
68.0000 625
68.1765 625
68.3529 0
68.5294 0
68.7059 0
68.8824 0
69.0588 312
69.2353 625
69.4118 625
69.5882 625
69.7647 625
69.9412 625
70.1176 625
70.2941 625
70.4706 625
70.6471 625
70.8235 625
71.0000 625
71.1765 625
71.3529 625
71.5294 0
71.7059 0
71.8824 0
72.0588 0
72.2353 0
72.4118 0
72.5882 0
72.7647 0
72.9412 0
73.1176 0
73.2941 0
73.4706 0
73.6471 0
73.8235 0
74.0000 0
74.1765 0
74.3529 0
74.5294 0
74.7059 0
74.8824 0
75.0588 0
75.2353 0
75.4118 0
75.5882 0
75.7647 0
75.9412 0
76.1176 0
76.2941 0
76.4706 0
76.6471 0
76.8235 0
77.0000 0
77.1765 0
77.3529 0
77.5294 0
77.7059 0
77.8824 0
78.0588 0
78.2353 0
78.4118 0
78.5882 0
78.7647 0
78.9412 0
79.1176 0
79.2941 0
79.4706 0
79.6471 0
79.8235 0
80.0000 0
80.1765 0
80.3529 0
80.5294 0
80.7059 0
