# Reconstructed XRD data digitized from supplied figure
# IMPORTANT: relative intensity is reconstructed/arbitrary; original counts are unavailable.
# Columns: 2theta(deg) relative_intensity(au)

# SAMPLE: ATM Mortar
16.4706 83.3333
16.6471 83.3333
16.8235 47.9167
17.0000 83.3333
17.1765 85.4167
17.3529 125.0000
17.5294 166.6667
17.7059 83.3333
17.8824 118.7500
18.0588 83.3333
18.2353 83.3333
18.4118 83.3333
18.5882 125.0000
18.7647 83.3333
18.9412 83.3333
19.1176 104.1667
19.2941 125.0000
19.4706 83.3333
19.6471 83.3333
19.8235 41.6667
20.0000 83.3333
20.1765 83.3333
20.3529 83.3333
20.5294 62.5000
20.7059 83.3333
20.8824 83.3333
21.0588 83.3333
21.2353 125.0000
21.4118 125.0000
21.5882 41.6667
21.7647 41.6667
21.9412 41.6667
22.1176 62.5000
22.2941 62.5000
22.4706 62.5000
22.6471 83.3333
22.8235 83.3333
23.0000 41.6667
23.1765 41.6667
23.3529 41.6667
23.5294 83.3333
23.7059 125.0000
23.8824 250.0000
24.0588 83.3333
24.2353 41.6667
24.4118 41.6667
24.5882 0.0000
24.7647 0.0000
24.9412 41.6667
25.1176 41.6667
25.2941 0.0000
25.4706 0.0000
25.6471 62.5000
25.8235 104.1667
26.0000 62.5000
26.1765 104.1667
26.3529 166.6667
26.5294 458.3333
26.7059 1000.0000
26.8824 416.6667
27.0588 208.3333
27.2353 125.0000
27.4118 83.3333
27.5882 83.3333
27.7647 83.3333
27.9412 83.3333
28.1176 41.6667
28.2941 0.0000
28.4706 20.8333
28.6471 83.3333
28.8235 83.3333
29.0000 41.6667
29.1765 41.6667
29.3529 125.0000
29.5294 208.3333
29.7059 333.3333
29.8824 125.0000
30.0588 83.3333
30.2353 41.6667
30.4118 41.6667
30.5882 0.0000
30.7647 41.6667
30.9412 41.6667
31.1176 0.0000
31.2941 0.0000
31.4706 83.3333
31.6471 83.3333
31.8235 41.6667
32.0000 20.8333
32.1765 41.6667
32.3529 41.6667
32.5294 83.3333
32.7059 41.6667
32.8824 41.6667
33.0588 125.0000
33.2353 166.6667
33.4118 83.3333
33.5882 83.3333
33.7647 125.0000
33.9412 375.0000
34.1176 187.5000
34.2941 62.5000
34.4706 20.8333
34.6471 20.8333
34.8235 20.8333
35.0000 20.8333
35.1765 20.8333
35.3529 41.6667
35.5294 41.6667
35.7059 41.6667
35.8824 41.6667
36.0588 62.5000
36.2353 83.3333
36.4118 83.3333
36.5882 41.6667
36.7647 41.6667
36.9412 83.3333
37.1176 83.3333
37.2941 125.0000
37.4706 333.3333
37.6471 166.6667
37.8235 83.3333
38.0000 41.6667
38.1765 0.0000
38.3529 41.6667
38.5294 41.6667
38.7059 0.0000
38.8824 0.0000
39.0588 0.0000
39.2353 0.0000
39.4118 0.0000
39.5882 0.0000
39.7647 0.0000
39.9412 0.0000
40.1176 20.8333
40.2941 41.6667
40.4706 41.6667
40.6471 0.0000
40.8235 41.6667
41.0000 41.6667
41.1765 41.6667
41.3529 41.6667
41.5294 41.6667
41.7059 41.6667
41.8824 41.6667
42.0588 83.3333
42.2353 208.3333
42.4118 83.3333
42.5882 41.6667
42.7647 0.0000
42.9412 0.0000
43.1176 0.0000
43.2941 0.0000
43.4706 0.0000
43.6471 0.0000
43.8235 0.0000
44.0000 0.0000
44.1765 0.0000
44.3529 20.8333
44.5294 41.6667
44.7059 41.6667
44.8824 41.6667
45.0588 41.6667
45.2353 41.6667
45.4118 41.6667
45.5882 83.3333
45.7647 125.0000
45.9412 291.6667
46.1176 166.6667
46.2941 83.3333
46.4706 41.6667
46.6471 41.6667
46.8235 0.0000
47.0000 0.0000
47.1765 0.0000
47.3529 41.6667
47.5294 41.6667
47.7059 0.0000
47.8824 0.0000
48.0588 0.0000
48.2353 0.0000
48.4118 41.6667
48.5882 0.0000
48.7647 0.0000
48.9412 0.0000
49.1176 41.6667
49.2941 41.6667
49.4706 83.3333
49.6471 208.3333
49.8235 125.0000
50.0000 41.6667
50.1765 0.0000
50.3529 0.0000
50.5294 41.6667
50.7059 83.3333
50.8824 0.0000
51.0588 0.0000
51.2353 0.0000
51.4118 0.0000
51.5882 20.8333
51.7647 41.6667
51.9412 41.6667
52.1176 125.0000
52.2941 83.3333
52.4706 41.6667
52.6471 41.6667
52.8235 0.0000
53.0000 41.6667
53.1765 41.6667
53.3529 41.6667
53.5294 41.6667
53.7059 41.6667
53.8824 41.6667
54.0588 41.6667
54.2353 0.0000
54.4118 0.0000
54.5882 0.0000
54.7647 41.6667
54.9412 41.6667
55.1176 41.6667
55.2941 0.0000
55.4706 0.0000
55.6471 0.0000
55.8235 0.0000
56.0000 41.6667
56.1765 0.0000
56.3529 0.0000
56.5294 0.0000
56.7059 0.0000
56.8824 0.0000
57.0588 0.0000
57.2353 41.6667
57.4118 83.3333
57.5882 83.3333
57.7647 41.6667
57.9412 0.0000
58.1176 0.0000
58.2941 20.8333
58.4706 41.6667
58.6471 41.6667
58.8235 41.6667
59.0000 41.6667
59.1765 41.6667
59.3529 41.6667
59.5294 0.0000
59.7059 41.6667
59.8824 41.6667
60.0588 83.3333
60.2353 187.5000
60.4118 208.3333
60.5882 125.0000
60.7647 83.3333
60.9412 41.6667
61.1176 41.6667
61.2941 41.6667
61.4706 41.6667
61.6471 41.6667
61.8235 41.6667
62.0000 41.6667
62.1765 41.6667
62.3529 41.6667
62.5294 41.6667
62.7059 0.0000
62.8824 0.0000
63.0588 20.8333
63.2353 41.6667
63.4118 83.3333
63.5882 83.3333
63.7647 83.3333
63.9412 83.3333
64.1176 41.6667
64.2941 41.6667
64.4706 41.6667
64.6471 41.6667
64.8235 41.6667
65.0000 41.6667
65.1765 41.6667
65.3529 41.6667
65.5294 0.0000
65.7059 0.0000
65.8824 0.0000
66.0588 0.0000
66.2353 0.0000
66.4118 0.0000
66.5882 0.0000
66.7647 0.0000
66.9412 0.0000
67.1176 0.0000
67.2941 20.8333
67.4706 41.6667
67.6471 41.6667
67.8235 41.6667
68.0000 41.6667
68.1765 41.6667
68.3529 41.6667
68.5294 41.6667
68.7059 41.6667
68.8824 41.6667
69.0588 41.6667
69.2353 41.6667
69.4118 41.6667
69.5882 41.6667
69.7647 0.0000
69.9412 0.0000
70.1176 0.0000
70.2941 41.6667
70.4706 41.6667
70.6471 41.6667
70.8235 0.0000
71.0000 0.0000
71.1765 41.6667
71.3529 0.0000
71.5294 0.0000
71.7059 0.0000
71.8824 0.0000
72.0588 0.0000
72.2353 0.0000
72.4118 0.0000
72.5882 0.0000
72.7647 0.0000
72.9412 0.0000
73.1176 0.0000
73.2941 0.0000
73.4706 0.0000
73.6471 0.0000
73.8235 0.0000
74.0000 20.8333
74.1765 41.6667
74.3529 41.6667
74.5294 41.6667
74.7059 41.6667
74.8824 0.0000
75.0588 41.6667
75.2353 41.6667
75.4118 41.6667
75.5882 41.6667
75.7647 41.6667
75.9412 41.6667
76.1176 41.6667
76.2941 41.6667
76.4706 41.6667
76.6471 0.0000
76.8235 0.0000
77.0000 41.6667
77.1765 41.6667
77.3529 0.0000
77.5294 0.0000
77.7059 0.0000
77.8824 0.0000
78.0588 0.0000
78.2353 0.0000
78.4118 0.0000
78.5882 0.0000
78.7647 0.0000
78.9412 0.0000
79.1176 0.0000
79.2941 41.6667
79.4706 41.6667
79.6471 0.0000
79.8235 0.0000
80.0000 0.0000
80.1765 0.0000
80.3529 41.6667
80.5294 41.6667
80.7059 0.0000

# SAMPLE: Granite Waste
16.4706 125.0000
16.6471 187.5000
16.8235 62.5000
17.0000 62.5000
17.1765 62.5000
17.3529 125.0000
17.5294 125.0000
17.7059 125.0000
17.8824 125.0000
18.0588 112.5000
18.2353 125.0000
18.4118 125.0000
18.5882 125.0000
18.7647 62.5000
18.9412 62.5000
19.1176 62.5000
19.2941 125.0000
19.4706 93.7500
19.6471 125.0000
19.8235 125.0000
20.0000 125.0000
20.1765 125.0000
20.3529 156.2500
20.5294 125.0000
20.7059 125.0000
20.8824 125.0000
21.0588 125.0000
21.2353 125.0000
21.4118 187.5000
21.5882 187.5000
21.7647 125.0000
21.9412 62.5000
22.1176 62.5000
22.2941 62.5000
22.4706 93.7500
22.6471 125.0000
22.8235 62.5000
23.0000 62.5000
23.1765 62.5000
23.3529 62.5000
23.5294 125.0000
23.7059 62.5000
23.8824 62.5000
24.0588 62.5000
24.2353 62.5000
24.4118 125.0000
24.5882 187.5000
24.7647 62.5000
24.9412 0.0000
25.1176 31.2500
25.2941 62.5000
25.4706 62.5000
25.6471 125.0000
25.8235 125.0000
26.0000 125.0000
26.1765 125.0000
26.3529 250.0000
26.5294 750.0000
26.7059 1000.0000
26.8824 312.5000
27.0588 218.7500
27.2353 156.2500
27.4118 125.0000
27.5882 62.5000
27.7647 62.5000
27.9412 62.5000
28.1176 62.5000
28.2941 62.5000
28.4706 62.5000
28.6471 62.5000
28.8235 125.0000
29.0000 187.5000
29.1765 125.0000
29.3529 62.5000
29.5294 0.0000
29.7059 0.0000
29.8824 62.5000
30.0588 0.0000
30.2353 31.2500
30.4118 62.5000
30.5882 62.5000
30.7647 62.5000
30.9412 62.5000
31.1176 62.5000
31.2941 62.5000
31.4706 62.5000
31.6471 125.0000
31.8235 187.5000
32.0000 62.5000
32.1765 62.5000
32.3529 0.0000
32.5294 62.5000
32.7059 62.5000
32.8824 0.0000
33.0588 31.2500
33.2353 31.2500
33.4118 31.2500
33.5882 62.5000
33.7647 62.5000
33.9412 62.5000
34.1176 125.0000
34.2941 125.0000
34.4706 125.0000
34.6471 250.0000
34.8235 250.0000
35.0000 125.0000
35.1765 62.5000
35.3529 62.5000
35.5294 0.0000
35.7059 0.0000
35.8824 62.5000
36.0588 62.5000
36.2353 0.0000
36.4118 0.0000
36.5882 62.5000
36.7647 62.5000
36.9412 0.0000
37.1176 62.5000
37.2941 62.5000
37.4706 93.7500
37.6471 187.5000
37.8235 375.0000
38.0000 187.5000
38.1765 125.0000
38.3529 62.5000
38.5294 62.5000
38.7059 62.5000
38.8824 62.5000
39.0588 62.5000
39.2353 62.5000
39.4118 62.5000
39.5882 62.5000
39.7647 62.5000
39.9412 0.0000
40.1176 0.0000
40.2941 0.0000
40.4706 0.0000
40.6471 62.5000
40.8235 0.0000
41.0000 0.0000
41.1765 62.5000
41.3529 0.0000
41.5294 62.5000
41.7059 125.0000
41.8824 375.0000
42.0588 187.5000
42.2353 125.0000
42.4118 93.7500
42.5882 31.2500
42.7647 62.5000
42.9412 62.5000
43.1176 62.5000
43.2941 125.0000
43.4706 125.0000
43.6471 62.5000
43.8235 62.5000
44.0000 62.5000
44.1765 62.5000
44.3529 62.5000
44.5294 62.5000
44.7059 62.5000
44.8824 0.0000
45.0588 0.0000
45.2353 62.5000
45.4118 0.0000
45.5882 62.5000
45.7647 62.5000
45.9412 125.0000
46.1176 62.5000
46.2941 62.5000
46.4706 0.0000
46.6471 0.0000
46.8235 0.0000
47.0000 62.5000
47.1765 62.5000
47.3529 0.0000
47.5294 0.0000
47.7059 0.0000
47.8824 62.5000
48.0588 0.0000
48.2353 0.0000
48.4118 62.5000
48.5882 62.5000
48.7647 62.5000
48.9412 0.0000
49.1176 0.0000
49.2941 62.5000
49.4706 62.5000
49.6471 0.0000
49.8235 0.0000
50.0000 62.5000
50.1765 125.0000
50.3529 187.5000
50.5294 62.5000
50.7059 0.0000
50.8824 0.0000
51.0588 0.0000
51.2353 0.0000
51.4118 0.0000
51.5882 0.0000
51.7647 0.0000
51.9412 0.0000
52.1176 0.0000
52.2941 0.0000
52.4706 0.0000
52.6471 0.0000
52.8235 0.0000
53.0000 0.0000
53.1765 31.2500
53.3529 93.7500
53.5294 93.7500
53.7059 31.2500
53.8824 62.5000
54.0588 62.5000
54.2353 62.5000
54.4118 62.5000
54.5882 62.5000
54.7647 62.5000
54.9412 62.5000
55.1176 125.0000
55.2941 125.0000
55.4706 62.5000
55.6471 0.0000
55.8235 0.0000
56.0000 62.5000
56.1765 62.5000
56.3529 62.5000
56.5294 0.0000
56.7059 0.0000
56.8824 0.0000
57.0588 62.5000
57.2353 0.0000
57.4118 0.0000
57.5882 0.0000
57.7647 62.5000
57.9412 62.5000
58.1176 62.5000
58.2941 62.5000
58.4706 125.0000
58.6471 250.0000
58.8235 62.5000
59.0000 0.0000
59.1765 0.0000
59.3529 0.0000
59.5294 0.0000
59.7059 0.0000
59.8824 0.0000
60.0588 0.0000
60.2353 0.0000
60.4118 62.5000
60.5882 125.0000
60.7647 62.5000
60.9412 0.0000
61.1176 0.0000
61.2941 0.0000
61.4706 31.2500
61.6471 62.5000
61.8235 62.5000
62.0000 62.5000
62.1765 62.5000
62.3529 62.5000
62.5294 62.5000
62.7059 62.5000
62.8824 62.5000
63.0588 62.5000
63.2353 0.0000
63.4118 62.5000
63.5882 62.5000
63.7647 62.5000
63.9412 62.5000
64.1176 0.0000
64.2941 0.0000
64.4706 62.5000
64.6471 62.5000
64.8235 0.0000
65.0000 0.0000
65.1765 0.0000
65.3529 0.0000
65.5294 62.5000
65.7059 0.0000
65.8824 62.5000
66.0588 0.0000
66.2353 0.0000
66.4118 0.0000
66.5882 0.0000
66.7647 0.0000
66.9412 0.0000
67.1176 0.0000
67.2941 0.0000
67.4706 0.0000
67.6471 0.0000
67.8235 62.5000
68.0000 62.5000
68.1765 62.5000
68.3529 0.0000
68.5294 0.0000
68.7059 0.0000
68.8824 0.0000
69.0588 31.2500
69.2353 62.5000
69.4118 62.5000
69.5882 62.5000
69.7647 62.5000
69.9412 62.5000
70.1176 62.5000
70.2941 62.5000
70.4706 62.5000
70.6471 62.5000
70.8235 62.5000
71.0000 62.5000
71.1765 62.5000
71.3529 62.5000
71.5294 0.0000
71.7059 0.0000
71.8824 0.0000
72.0588 0.0000
72.2353 0.0000
72.4118 0.0000
72.5882 0.0000
72.7647 0.0000
72.9412 0.0000
73.1176 0.0000
73.2941 0.0000
73.4706 0.0000
73.6471 0.0000
73.8235 0.0000
74.0000 0.0000
74.1765 0.0000
74.3529 0.0000
74.5294 0.0000
74.7059 0.0000
74.8824 0.0000
75.0588 0.0000
75.2353 0.0000
75.4118 0.0000
75.5882 0.0000
75.7647 0.0000
75.9412 0.0000
76.1176 0.0000
76.2941 0.0000
76.4706 0.0000
76.6471 0.0000
76.8235 0.0000
77.0000 0.0000
77.1765 0.0000
77.3529 0.0000
77.5294 0.0000
77.7059 0.0000
77.8824 0.0000
78.0588 0.0000
78.2353 0.0000
78.4118 0.0000
78.5882 0.0000
78.7647 0.0000
78.9412 0.0000
79.1176 0.0000
79.2941 0.0000
79.4706 0.0000
79.6471 0.0000
79.8235 0.0000
80.0000 0.0000
80.1765 0.0000
80.3529 0.0000
80.5294 0.0000
80.7059 0.0000

# SAMPLE: Metakaolin
16.4706 50.0000
16.6471 50.0000
16.8235 50.0000
17.0000 50.0000
17.1765 50.0000
17.3529 50.0000
17.5294 0.0000
17.7059 0.0000
17.8824 0.0000
18.0588 50.0000
18.2353 50.0000
18.4118 50.0000
18.5882 50.0000
18.7647 50.0000
18.9412 50.0000
19.1176 50.0000
19.2941 50.0000
19.4706 50.0000
19.6471 50.0000
19.8235 50.0000
20.0000 50.0000
20.1765 100.0000
20.3529 75.0000
20.5294 50.0000
20.7059 100.0000
20.8824 50.0000
21.0588 100.0000
21.2353 100.0000
21.4118 150.0000
21.5882 150.0000
21.7647 150.0000
21.9412 150.0000
22.1176 150.0000
22.2941 200.0000
22.4706 175.0000
22.6471 150.0000
22.8235 200.0000
23.0000 200.0000
23.1765 225.0000
23.3529 200.0000
23.5294 200.0000
23.7059 175.0000
23.8824 150.0000
24.0588 200.0000
24.2353 250.0000
24.4118 300.0000
24.5882 275.0000
24.7647 200.0000
24.9412 250.0000
25.1176 225.0000
25.2941 250.0000
25.4706 275.0000
25.6471 300.0000
25.8235 300.0000
26.0000 350.0000
26.1765 400.0000
26.3529 525.0000
26.5294 675.0000
26.7059 725.0000
26.8824 925.0000
27.0588 1000.0000
27.2353 850.0000
27.4118 775.0000
27.5882 650.0000
27.7647 550.0000
27.9412 475.0000
28.1176 400.0000
28.2941 300.0000
28.4706 300.0000
28.6471 325.0000
28.8235 300.0000
29.0000 250.0000
29.1765 200.0000
29.3529 150.0000
29.5294 150.0000
29.7059 150.0000
29.8824 100.0000
30.0588 100.0000
30.2353 100.0000
30.4118 75.0000
30.5882 75.0000
30.7647 75.0000
30.9412 75.0000
31.1176 25.0000
31.2941 25.0000
31.4706 25.0000
31.6471 50.0000
31.8235 50.0000
32.0000 50.0000
32.1765 50.0000
32.3529 50.0000
32.5294 75.0000
32.7059 75.0000
32.8824 25.0000
33.0588 25.0000
33.2353 75.0000
33.4118 100.0000
33.5882 100.0000
33.7647 100.0000
33.9412 100.0000
34.1176 100.0000
34.2941 50.0000
34.4706 50.0000
34.6471 50.0000
34.8235 50.0000
35.0000 0.0000
35.1765 25.0000
35.3529 100.0000
35.5294 100.0000
35.7059 100.0000
35.8824 100.0000
36.0588 50.0000
36.2353 50.0000
36.4118 50.0000
36.5882 50.0000
36.7647 50.0000
36.9412 50.0000
37.1176 0.0000
37.2941 50.0000
37.4706 50.0000
37.6471 50.0000
37.8235 0.0000
38.0000 0.0000
38.1765 75.0000
38.3529 50.0000
38.5294 50.0000
38.7059 50.0000
38.8824 50.0000
39.0588 50.0000
39.2353 50.0000
39.4118 50.0000
39.5882 50.0000
39.7647 50.0000
39.9412 50.0000
40.1176 50.0000
40.2941 0.0000
40.4706 50.0000
40.6471 50.0000
40.8235 0.0000
41.0000 0.0000
41.1765 50.0000
41.3529 50.0000
41.5294 0.0000
41.7059 0.0000
41.8824 25.0000
42.0588 100.0000
42.2353 100.0000
42.4118 100.0000
42.5882 100.0000
42.7647 50.0000
42.9412 50.0000
43.1176 50.0000
43.2941 50.0000
43.4706 50.0000
43.6471 50.0000
43.8235 50.0000
44.0000 50.0000
44.1765 50.0000
44.3529 0.0000
44.5294 0.0000
44.7059 0.0000
44.8824 0.0000
45.0588 50.0000
45.2353 50.0000
45.4118 0.0000
45.5882 0.0000
45.7647 50.0000
45.9412 50.0000
46.1176 0.0000
46.2941 0.0000
46.4706 0.0000
46.6471 0.0000
46.8235 0.0000
47.0000 0.0000
47.1765 0.0000
47.3529 25.0000
47.5294 50.0000
47.7059 50.0000
47.8824 50.0000
48.0588 50.0000
48.2353 50.0000
48.4118 50.0000
48.5882 50.0000
48.7647 50.0000
48.9412 0.0000
49.1176 50.0000
49.2941 50.0000
49.4706 50.0000
49.6471 50.0000
49.8235 50.0000
50.0000 0.0000
50.1765 0.0000
50.3529 50.0000
50.5294 25.0000
50.7059 25.0000
50.8824 25.0000
51.0588 50.0000
51.2353 100.0000
51.4118 50.0000
51.5882 50.0000
51.7647 50.0000
51.9412 50.0000
52.1176 50.0000
52.2941 50.0000
52.4706 50.0000
52.6471 50.0000
52.8235 0.0000
53.0000 50.0000
53.1765 0.0000
53.3529 50.0000
53.5294 50.0000
53.7059 0.0000
53.8824 0.0000
54.0588 0.0000
54.2353 50.0000
54.4118 50.0000
54.5882 50.0000
54.7647 0.0000
54.9412 0.0000
55.1176 0.0000
55.2941 0.0000
55.4706 0.0000
55.6471 0.0000
55.8235 0.0000
56.0000 0.0000
56.1765 0.0000
56.3529 0.0000
56.5294 0.0000
56.7059 0.0000
56.8824 25.0000
57.0588 50.0000
57.2353 50.0000
57.4118 50.0000
57.5882 50.0000
57.7647 50.0000
57.9412 50.0000
58.1176 50.0000
58.2941 50.0000
58.4706 50.0000
58.6471 50.0000
58.8235 0.0000
59.0000 50.0000
59.1765 50.0000
59.3529 50.0000
59.5294 0.0000
59.7059 0.0000
59.8824 0.0000
60.0588 0.0000
60.2353 50.0000
60.4118 50.0000
60.5882 0.0000
60.7647 0.0000
60.9412 0.0000
61.1176 25.0000
61.2941 50.0000
61.4706 50.0000
61.6471 50.0000
61.8235 50.0000
62.0000 50.0000
62.1765 50.0000
62.3529 50.0000
62.5294 50.0000
62.7059 50.0000
62.8824 50.0000
63.0588 50.0000
63.2353 50.0000
63.4118 50.0000
63.5882 0.0000
63.7647 0.0000
63.9412 0.0000
64.1176 0.0000
64.2941 50.0000
64.4706 0.0000
64.6471 50.0000
64.8235 50.0000
65.0000 50.0000
65.1765 0.0000
65.3529 0.0000
65.5294 0.0000
65.7059 0.0000
65.8824 0.0000
66.0588 0.0000
66.2353 0.0000
66.4118 0.0000
66.5882 0.0000
66.7647 0.0000
66.9412 0.0000
67.1176 0.0000
67.2941 0.0000
67.4706 0.0000
67.6471 0.0000
67.8235 0.0000
68.0000 0.0000
68.1765 0.0000
68.3529 0.0000
68.5294 25.0000
68.7059 25.0000
68.8824 50.0000
69.0588 50.0000
69.2353 50.0000
69.4118 50.0000
69.5882 50.0000
69.7647 50.0000
69.9412 50.0000
70.1176 50.0000
70.2941 50.0000
70.4706 50.0000
70.6471 50.0000
70.8235 50.0000
71.0000 0.0000
71.1765 0.0000
71.3529 50.0000
71.5294 0.0000
71.7059 0.0000
71.8824 0.0000
72.0588 0.0000
72.2353 0.0000
72.4118 0.0000
72.5882 0.0000
72.7647 0.0000
72.9412 0.0000
73.1176 0.0000
73.2941 0.0000
73.4706 0.0000
73.6471 0.0000
73.8235 25.0000
74.0000 50.0000
74.1765 50.0000
74.3529 50.0000
74.5294 50.0000
74.7059 0.0000
74.8824 50.0000
75.0588 50.0000
75.2353 50.0000
75.4118 50.0000
75.5882 50.0000
75.7647 50.0000
75.9412 50.0000
76.1176 50.0000
76.2941 50.0000
76.4706 0.0000
76.6471 0.0000
76.8235 0.0000
77.0000 0.0000
77.1765 50.0000
77.3529 0.0000
77.5294 50.0000
77.7059 50.0000
77.8824 0.0000
78.0588 0.0000
78.2353 0.0000
78.4118 50.0000
78.5882 0.0000
78.7647 0.0000
78.9412 0.0000
79.1176 0.0000
79.2941 0.0000
79.4706 0.0000
79.6471 0.0000
79.8235 0.0000
80.0000 0.0000
80.1765 0.0000
80.3529 0.0000
80.5294 0.0000
80.7059 0.0000
